BLOCO 1: CAPACIDADE = 3.
######### TESTE 1 #########
Páginas: 16 13 18 29 23 
Sequência de referências         Quadros
        16                      16 - - 
        13                      16 13 - 
        18                      16 13 18 
        29                      29 13 18 
        23                      29 23 18 

Total de faltas de página: 5
---------------------------
######### TESTE 2 #########
Páginas: 17 22 29 26 13 17 12 22 28 17 
Sequência de referências         Quadros
        17                      17 - - 
        22                      17 22 - 
        29                      17 22 29 
        26                      26 22 29 
        13                      26 13 29 
        17                      26 13 17 
        12                      12 13 17 
        22                      12 22 17 
        28                      12 22 28 
        17                      17 22 28 

Total de faltas de página: 10
---------------------------
######### TESTE 3 #########
Páginas: 15 24 12 23 28 26 14 19 27 11 27 23 12 18 14 
Sequência de referências         Quadros
        15                      15 - - 
        24                      15 24 - 
        12                      15 24 12 
        23                      23 24 12 
        28                      23 28 12 
        26                      23 28 26 
        14                      14 28 26 
        19                      14 19 26 
        27                      14 19 27 
        11                      11 19 27 
        23                      11 23 27 
        12                      11 23 12 
        18                      18 23 12 
        14                      18 14 12 

Total de faltas de página: 14
---------------------------
######### TESTE 4 #########
Páginas: 11 25 10 12 16 23 19 28 22 27 24 21 29 16 19 16 14 14 19 19 
Sequência de referências         Quadros
        11                      11 - - 
        25                      11 25 - 
        10                      11 25 10 
        12                      12 25 10 
        16                      12 16 10 
        23                      12 16 23 
        19                      19 16 23 
        28                      19 28 23 
        22                      19 28 22 
        27                      27 28 22 
        24                      27 24 22 
        21                      27 24 21 
        29                      29 24 21 
        16                      29 16 21 
        19                      29 16 19 
        14                      14 16 19 

Total de faltas de página: 16
---------------------------
######### TESTE 5 #########
Páginas: 24 27 23 25 24 16 23 29 10 11 13 23 18 13 25 16 27 27 27 11 24 21 15 24 19 
Sequência de referências         Quadros
        24                      24 - - 
        27                      24 27 - 
        23                      24 27 23 
        25                      25 27 23 
        24                      25 24 23 
        16                      25 24 16 
        23                      23 24 16 
        29                      23 29 16 
        10                      23 29 10 
        11                      11 29 10 
        13                      11 13 10 
        23                      11 13 23 
        18                      18 13 23 
        25                      18 25 23 
        16                      18 25 16 
        27                      27 25 16 
        11                      27 11 16 
        24                      27 11 24 
        21                      21 11 24 
        15                      21 15 24 
        19                      21 15 19 

Total de faltas de página: 21
---------------------------
BLOCO 2: CAPACIDADE = 5.
######### TESTE 1 #########
Páginas: 16 22 23 12 23 
Sequência de referências         Quadros
        16                      16 - - - - 
        22                      16 22 - - - 
        23                      16 22 23 - - 
        12                      16 22 23 12 - 

Total de faltas de página: 4
---------------------------
######### TESTE 2 #########
Páginas: 12 27 20 17 22 26 15 27 25 15 
Sequência de referências         Quadros
        12                      12 - - - - 
        27                      12 27 - - - 
        20                      12 27 20 - - 
        17                      12 27 20 17 - 
        22                      12 27 20 17 22 
        26                      26 27 20 17 22 
        15                      26 15 20 17 22 
        27                      26 15 27 17 22 
        25                      26 15 27 25 22 

Total de faltas de página: 9
---------------------------
######### TESTE 3 #########
Páginas: 21 29 29 29 24 16 16 13 13 25 27 20 16 12 14 
Sequência de referências         Quadros
        21                      21 - - - - 
        29                      21 29 - - - 
        24                      21 29 24 - - 
        16                      21 29 24 16 - 
        13                      21 29 24 16 13 
        25                      25 29 24 16 13 
        27                      25 27 24 16 13 
        20                      25 27 20 16 13 
        12                      25 27 20 12 13 
        14                      25 27 20 12 14 

Total de faltas de página: 10
---------------------------
######### TESTE 4 #########
Páginas: 17 18 18 23 21 12 17 10 14 17 14 11 14 12 26 12 23 17 11 14 
Sequência de referências         Quadros
        17                      17 - - - - 
        18                      17 18 - - - 
        23                      17 18 23 - - 
        21                      17 18 23 21 - 
        12                      17 18 23 21 12 
        10                      10 18 23 21 12 
        14                      10 14 23 21 12 
        17                      10 14 17 21 12 
        11                      10 14 17 11 12 
        26                      10 14 17 11 26 
        12                      12 14 17 11 26 
        23                      12 23 17 11 26 
        14                      12 23 14 11 26 

Total de faltas de página: 13
---------------------------
######### TESTE 5 #########
Páginas: 12 29 12 27 13 27 24 23 25 26 19 25 27 19 10 10 21 17 22 26 16 26 19 21 28 
Sequência de referências         Quadros
        12                      12 - - - - 
        29                      12 29 - - - 
        27                      12 29 27 - - 
        13                      12 29 27 13 - 
        24                      12 29 27 13 24 
        23                      23 29 27 13 24 
        25                      23 25 27 13 24 
        26                      23 25 26 13 24 
        19                      23 25 26 19 24 
        27                      23 25 26 19 27 
        10                      10 25 26 19 27 
        21                      10 21 26 19 27 
        17                      10 21 17 19 27 
        22                      10 21 17 22 27 
        26                      10 21 17 22 26 
        16                      16 21 17 22 26 
        19                      16 19 17 22 26 
        21                      16 19 21 22 26 
        28                      16 19 21 28 26 

Total de faltas de página: 19
---------------------------
BLOCO 3: CAPACIDADE = 8.
######### TESTE 1 #########
Páginas: 15 23 13 23 16 
Sequência de referências         Quadros
        15                      15 - - - - - - - 
        23                      15 23 - - - - - - 
        13                      15 23 13 - - - - - 
        16                      15 23 13 16 - - - - 

Total de faltas de página: 4
---------------------------
######### TESTE 2 #########
Páginas: 10 17 15 12 14 10 22 29 15 29 
Sequência de referências         Quadros
        10                      10 - - - - - - - 
        17                      10 17 - - - - - - 
        15                      10 17 15 - - - - - 
        12                      10 17 15 12 - - - - 
        14                      10 17 15 12 14 - - - 
        22                      10 17 15 12 14 22 - - 
        29                      10 17 15 12 14 22 29 - 

Total de faltas de página: 7
---------------------------
######### TESTE 3 #########
Páginas: 17 16 24 26 26 24 18 29 24 10 17 10 27 26 13 
Sequência de referências         Quadros
        17                      17 - - - - - - - 
        16                      17 16 - - - - - - 
        24                      17 16 24 - - - - - 
        26                      17 16 24 26 - - - - 
        18                      17 16 24 26 18 - - - 
        29                      17 16 24 26 18 29 - - 
        10                      17 16 24 26 18 29 10 - 
        27                      17 16 24 26 18 29 10 27 
        13                      13 16 24 26 18 29 10 27 

Total de faltas de página: 9
---------------------------
######### TESTE 4 #########
Páginas: 17 12 26 13 17 24 13 24 10 27 20 22 19 11 28 11 11 26 25 27 
Sequência de referências         Quadros
        17                      17 - - - - - - - 
        12                      17 12 - - - - - - 
        26                      17 12 26 - - - - - 
        13                      17 12 26 13 - - - - 
        24                      17 12 26 13 24 - - - 
        10                      17 12 26 13 24 10 - - 
        27                      17 12 26 13 24 10 27 - 
        20                      17 12 26 13 24 10 27 20 
        22                      22 12 26 13 24 10 27 20 
        19                      22 19 26 13 24 10 27 20 
        11                      22 19 11 13 24 10 27 20 
        28                      22 19 11 28 24 10 27 20 
        26                      22 19 11 28 26 10 27 20 
        25                      22 19 11 28 26 25 27 20 

Total de faltas de página: 14
---------------------------
######### TESTE 5 #########
Páginas: 14 12 16 14 26 16 21 18 25 10 22 13 12 10 16 11 25 11 17 17 28 27 29 10 29 
Sequência de referências         Quadros
        14                      14 - - - - - - - 
        12                      14 12 - - - - - - 
        16                      14 12 16 - - - - - 
        26                      14 12 16 26 - - - - 
        21                      14 12 16 26 21 - - - 
        18                      14 12 16 26 21 18 - - 
        25                      14 12 16 26 21 18 25 - 
        10                      14 12 16 26 21 18 25 10 
        22                      22 12 16 26 21 18 25 10 
        13                      22 13 16 26 21 18 25 10 
        12                      22 13 12 26 21 18 25 10 
        16                      22 13 12 16 21 18 25 10 
        11                      22 13 12 16 11 18 25 10 
        17                      22 13 12 16 11 17 25 10 
        28                      22 13 12 16 11 17 28 10 
        27                      22 13 12 16 11 17 28 27 
        29                      29 13 12 16 11 17 28 27 
        10                      29 10 12 16 11 17 28 27 

Total de faltas de página: 18
---------------------------