BLOCO 1: CAPACIDADE = 3.
######### TESTE 1 #########
Páginas: 31 17 37 19 12 
Sequência de referências         Quadros
        31                      31 - - 
        17                      31 17 - 
        37                      31 17 37 
        19                      19 17 37 
        12                      19 12 37 

Total de faltas de página: 5
---------------------------
######### TESTE 2 #########
Páginas: 25 21 26 38 20 22 46 11 50 15 
Sequência de referências         Quadros
        25                      25 - - 
        21                      25 21 - 
        26                      25 21 26 
        38                      38 21 26 
        20                      38 20 26 
        22                      38 20 22 
        46                      46 20 22 
        11                      46 11 22 
        50                      46 11 50 
        15                      15 11 50 

Total de faltas de página: 10
---------------------------
######### TESTE 3 #########
Páginas: 11 28 39 41 26 34 29 47 22 48 28 39 57 11 26 
Sequência de referências         Quadros
        11                      11 - - 
        28                      11 28 - 
        39                      11 28 39 
        41                      41 28 39 
        26                      41 26 39 
        34                      41 26 34 
        29                      29 26 34 
        47                      29 47 34 
        22                      29 47 22 
        48                      48 47 22 
        28                      48 28 22 
        39                      48 28 39 
        57                      57 28 39 
        11                      57 11 39 
        26                      57 11 26 

Total de faltas de página: 15
---------------------------
######### TESTE 4 #########
Páginas: 31 33 33 58 44 37 24 55 53 54 17 15 40 18 55 47 20 25 26 51 
Sequência de referências         Quadros
        31                      31 - - 
        33                      31 33 - 
        58                      31 33 58 
        44                      44 33 58 
        37                      44 37 58 
        24                      44 37 24 
        55                      55 37 24 
        53                      55 53 24 
        54                      55 53 54 
        17                      17 53 54 
        15                      17 15 54 
        40                      17 15 40 
        18                      18 15 40 
        55                      18 55 40 
        47                      18 55 47 
        20                      20 55 47 
        25                      20 25 47 
        26                      20 25 26 
        51                      51 25 26 

Total de faltas de página: 19
---------------------------
######### TESTE 5 #########
Páginas: 43 50 22 31 13 10 49 44 59 53 10 30 28 35 31 12 12 47 57 56 41 14 13 23 24 
Sequência de referências         Quadros
        43                      43 - - 
        50                      43 50 - 
        22                      43 50 22 
        31                      31 50 22 
        13                      31 13 22 
        10                      31 13 10 
        49                      49 13 10 
        44                      49 44 10 
        59                      49 44 59 
        53                      53 44 59 
        10                      53 10 59 
        30                      53 10 30 
        28                      28 10 30 
        35                      28 35 30 
        31                      28 35 31 
        12                      12 35 31 
        47                      12 47 31 
        57                      12 47 57 
        56                      56 47 57 
        41                      56 41 57 
        14                      56 41 14 
        13                      13 41 14 
        23                      13 23 14 
        24                      13 23 24 

Total de faltas de página: 24
---------------------------
BLOCO 2: CAPACIDADE = 5.
######### TESTE 1 #########
Páginas: 11 11 34 26 27 
Sequência de referências         Quadros
        11                      11 - - - - 
        34                      11 34 - - - 
        26                      11 34 26 - - 
        27                      11 34 26 27 - 

Total de faltas de página: 4
---------------------------
######### TESTE 2 #########
Páginas: 27 10 18 41 33 23 43 22 57 43 
Sequência de referências         Quadros
        27                      27 - - - - 
        10                      27 10 - - - 
        18                      27 10 18 - - 
        41                      27 10 18 41 - 
        33                      27 10 18 41 33 
        23                      23 10 18 41 33 
        43                      23 43 18 41 33 
        22                      23 43 22 41 33 
        57                      23 43 22 57 33 

Total de faltas de página: 9
---------------------------
######### TESTE 3 #########
Páginas: 17 59 13 35 34 34 37 36 23 34 34 54 40 38 20 
Sequência de referências         Quadros
        17                      17 - - - - 
        59                      17 59 - - - 
        13                      17 59 13 - - 
        35                      17 59 13 35 - 
        34                      17 59 13 35 34 
        37                      37 59 13 35 34 
        36                      37 36 13 35 34 
        23                      37 36 23 35 34 
        54                      37 36 23 54 34 
        40                      37 36 23 54 40 
        38                      38 36 23 54 40 
        20                      38 20 23 54 40 

Total de faltas de página: 12
---------------------------
######### TESTE 4 #########
Páginas: 55 39 21 31 57 40 49 57 50 32 32 13 16 47 12 51 54 13 54 30 
Sequência de referências         Quadros
        55                      55 - - - - 
        39                      55 39 - - - 
        21                      55 39 21 - - 
        31                      55 39 21 31 - 
        57                      55 39 21 31 57 
        40                      40 39 21 31 57 
        49                      40 49 21 31 57 
        50                      40 49 50 31 57 
        32                      40 49 50 32 57 
        13                      40 49 50 32 13 
        16                      16 49 50 32 13 
        47                      16 47 50 32 13 
        12                      16 47 12 32 13 
        51                      16 47 12 51 13 
        54                      16 47 12 51 54 
        13                      13 47 12 51 54 
        30                      13 30 12 51 54 

Total de faltas de página: 17
---------------------------
######### TESTE 5 #########
Páginas: 37 31 57 16 46 34 40 41 14 20 51 11 51 14 33 49 44 24 48 35 46 21 40 54 58 
Sequência de referências         Quadros
        37                      37 - - - - 
        31                      37 31 - - - 
        57                      37 31 57 - - 
        16                      37 31 57 16 - 
        46                      37 31 57 16 46 
        34                      34 31 57 16 46 
        40                      34 40 57 16 46 
        41                      34 40 41 16 46 
        14                      34 40 41 14 46 
        20                      34 40 41 14 20 
        51                      51 40 41 14 20 
        11                      51 11 41 14 20 
        33                      51 11 33 14 20 
        49                      51 11 33 49 20 
        44                      51 11 33 49 44 
        24                      24 11 33 49 44 
        48                      24 48 33 49 44 
        35                      24 48 35 49 44 
        46                      24 48 35 46 44 
        21                      24 48 35 46 21 
        40                      40 48 35 46 21 
        54                      40 54 35 46 21 
        58                      40 54 58 46 21 

Total de faltas de página: 23
---------------------------
BLOCO 3: CAPACIDADE = 8.
######### TESTE 1 #########
Páginas: 45 45 52 48 42 
Sequência de referências         Quadros
        45                      45 - - - - - - - 
        52                      45 52 - - - - - - 
        48                      45 52 48 - - - - - 
        42                      45 52 48 42 - - - - 

Total de faltas de página: 4
---------------------------
######### TESTE 2 #########
Páginas: 22 28 15 22 36 51 46 18 32 50 
Sequência de referências         Quadros
        22                      22 - - - - - - - 
        28                      22 28 - - - - - - 
        15                      22 28 15 - - - - - 
        36                      22 28 15 36 - - - - 
        51                      22 28 15 36 51 - - - 
        46                      22 28 15 36 51 46 - - 
        18                      22 28 15 36 51 46 18 - 
        32                      22 28 15 36 51 46 18 32 
        50                      50 28 15 36 51 46 18 32 

Total de faltas de página: 9
---------------------------
######### TESTE 3 #########
Páginas: 29 25 54 20 31 27 11 16 43 50 43 31 13 23 28 
Sequência de referências         Quadros
        29                      29 - - - - - - - 
        25                      29 25 - - - - - - 
        54                      29 25 54 - - - - - 
        20                      29 25 54 20 - - - - 
        31                      29 25 54 20 31 - - - 
        27                      29 25 54 20 31 27 - - 
        11                      29 25 54 20 31 27 11 - 
        16                      29 25 54 20 31 27 11 16 
        43                      43 25 54 20 31 27 11 16 
        50                      43 50 54 20 31 27 11 16 
        13                      43 50 13 20 31 27 11 16 
        23                      43 50 13 23 31 27 11 16 
        28                      43 50 13 23 28 27 11 16 

Total de faltas de página: 13
---------------------------
######### TESTE 4 #########
Páginas: 11 10 13 55 51 47 20 21 52 32 47 44 20 55 18 12 26 36 56 37 
Sequência de referências         Quadros
        11                      11 - - - - - - - 
        10                      11 10 - - - - - - 
        13                      11 10 13 - - - - - 
        55                      11 10 13 55 - - - - 
        51                      11 10 13 55 51 - - - 
        47                      11 10 13 55 51 47 - - 
        20                      11 10 13 55 51 47 20 - 
        21                      11 10 13 55 51 47 20 21 
        52                      52 10 13 55 51 47 20 21 
        32                      52 32 13 55 51 47 20 21 
        44                      52 32 44 55 51 47 20 21 
        18                      52 32 44 18 51 47 20 21 
        12                      52 32 44 18 12 47 20 21 
        26                      52 32 44 18 12 26 20 21 
        36                      52 32 44 18 12 26 36 21 
        56                      52 32 44 18 12 26 36 56 
        37                      37 32 44 18 12 26 36 56 

Total de faltas de página: 17
---------------------------
######### TESTE 5 #########
Páginas: 57 25 40 15 58 30 48 32 35 14 50 38 14 55 36 57 43 46 18 35 20 55 21 32 51 
Sequência de referências         Quadros
        57                      57 - - - - - - - 
        25                      57 25 - - - - - - 
        40                      57 25 40 - - - - - 
        15                      57 25 40 15 - - - - 
        58                      57 25 40 15 58 - - - 
        30                      57 25 40 15 58 30 - - 
        48                      57 25 40 15 58 30 48 - 
        32                      57 25 40 15 58 30 48 32 
        35                      35 25 40 15 58 30 48 32 
        14                      35 14 40 15 58 30 48 32 
        50                      35 14 50 15 58 30 48 32 
        38                      35 14 50 38 58 30 48 32 
        55                      35 14 50 38 55 30 48 32 
        36                      35 14 50 38 55 36 48 32 
        57                      35 14 50 38 55 36 57 32 
        43                      35 14 50 38 55 36 57 43 
        46                      46 14 50 38 55 36 57 43 
        18                      46 18 50 38 55 36 57 43 
        35                      46 18 35 38 55 36 57 43 
        20                      46 18 35 20 55 36 57 43 
        21                      46 18 35 20 21 36 57 43 
        32                      46 18 35 20 21 32 57 43 
        51                      46 18 35 20 21 32 51 43 

Total de faltas de página: 23
---------------------------