BLOCO 1: CAPACIDADE = 3.
######### TESTE 1 #########
Páginas: 25 36 10 16 65 
Sequência de referências         Quadros
        25                      25 - - 
        36                      25 36 - 
        10                      25 36 10 
        16                      16 36 10 
        65                      16 65 10 

Total de faltas de página: 5
---------------------------
######### TESTE 2 #########
Páginas: 80 63 89 38 48 86 36 32 33 44 
Sequência de referências         Quadros
        80                      80 - - 
        63                      80 63 - 
        89                      80 63 89 
        38                      38 63 89 
        48                      38 48 89 
        86                      38 48 86 
        36                      36 48 86 
        32                      36 32 86 
        33                      36 32 33 
        44                      44 32 33 

Total de faltas de página: 10
---------------------------
######### TESTE 3 #########
Páginas: 12 17 29 65 96 35 35 25 80 10 47 16 52 70 63 
Sequência de referências         Quadros
        12                      12 - - 
        17                      12 17 - 
        29                      12 17 29 
        65                      65 17 29 
        96                      65 96 29 
        35                      65 96 35 
        25                      25 96 35 
        80                      25 80 35 
        10                      25 80 10 
        47                      47 80 10 
        16                      47 16 10 
        52                      47 16 52 
        70                      70 16 52 
        63                      70 63 52 

Total de faltas de página: 14
---------------------------
######### TESTE 4 #########
Páginas: 37 85 52 89 53 17 70 16 97 60 16 45 87 38 30 83 92 37 12 20 
Sequência de referências         Quadros
        37                      37 - - 
        85                      37 85 - 
        52                      37 85 52 
        89                      89 85 52 
        53                      89 53 52 
        17                      89 53 17 
        70                      70 53 17 
        16                      70 16 17 
        97                      70 16 97 
        60                      60 16 97 
        45                      60 45 97 
        87                      60 45 87 
        38                      38 45 87 
        30                      38 30 87 
        83                      38 30 83 
        92                      92 30 83 
        37                      92 37 83 
        12                      92 37 12 
        20                      20 37 12 

Total de faltas de página: 19
---------------------------
######### TESTE 5 #########
Páginas: 85 37 97 11 18 98 10 76 12 70 91 92 17 43 81 60 51 13 28 10 26 34 45 13 25 
Sequência de referências         Quadros
        85                      85 - - 
        37                      85 37 - 
        97                      85 37 97 
        11                      11 37 97 
        18                      11 18 97 
        98                      11 18 98 
        10                      10 18 98 
        76                      10 76 98 
        12                      10 76 12 
        70                      70 76 12 
        91                      70 91 12 
        92                      70 91 92 
        17                      17 91 92 
        43                      17 43 92 
        81                      17 43 81 
        60                      60 43 81 
        51                      60 51 81 
        13                      60 51 13 
        28                      28 51 13 
        10                      28 10 13 
        26                      28 10 26 
        34                      34 10 26 
        45                      34 45 26 
        13                      34 45 13 
        25                      25 45 13 

Total de faltas de página: 25
---------------------------
BLOCO 2: CAPACIDADE = 5.
######### TESTE 1 #########
Páginas: 66 86 69 93 50 
Sequência de referências         Quadros
        66                      66 - - - - 
        86                      66 86 - - - 
        69                      66 86 69 - - 
        93                      66 86 69 93 - 
        50                      66 86 69 93 50 

Total de faltas de página: 5
---------------------------
######### TESTE 2 #########
Páginas: 79 41 39 77 42 47 37 94 75 91 
Sequência de referências         Quadros
        79                      79 - - - - 
        41                      79 41 - - - 
        39                      79 41 39 - - 
        77                      79 41 39 77 - 
        42                      79 41 39 77 42 
        47                      47 41 39 77 42 
        37                      47 37 39 77 42 
        94                      47 37 94 77 42 
        75                      47 37 94 75 42 
        91                      47 37 94 75 91 

Total de faltas de página: 10
---------------------------
######### TESTE 3 #########
Páginas: 27 67 83 34 62 27 47 65 82 65 65 98 52 11 11 
Sequência de referências         Quadros
        27                      27 - - - - 
        67                      27 67 - - - 
        83                      27 67 83 - - 
        34                      27 67 83 34 - 
        62                      27 67 83 34 62 
        47                      47 67 83 34 62 
        65                      47 65 83 34 62 
        82                      47 65 82 34 62 
        98                      47 65 82 98 62 
        52                      47 65 82 98 52 
        11                      11 65 82 98 52 

Total de faltas de página: 11
---------------------------
######### TESTE 4 #########
Páginas: 29 67 49 88 22 89 68 53 29 97 47 28 34 42 56 25 59 75 61 45 
Sequência de referências         Quadros
        29                      29 - - - - 
        67                      29 67 - - - 
        49                      29 67 49 - - 
        88                      29 67 49 88 - 
        22                      29 67 49 88 22 
        89                      89 67 49 88 22 
        68                      89 68 49 88 22 
        53                      89 68 53 88 22 
        29                      89 68 53 29 22 
        97                      89 68 53 29 97 
        47                      47 68 53 29 97 
        28                      47 28 53 29 97 
        34                      47 28 34 29 97 
        42                      47 28 34 42 97 
        56                      47 28 34 42 56 
        25                      25 28 34 42 56 
        59                      25 59 34 42 56 
        75                      25 59 75 42 56 
        61                      25 59 75 61 56 
        45                      25 59 75 61 45 

Total de faltas de página: 20
---------------------------
######### TESTE 5 #########
Páginas: 37 78 44 93 60 62 20 59 14 21 22 33 40 24 73 15 65 41 20 46 90 58 27 24 52 
Sequência de referências         Quadros
        37                      37 - - - - 
        78                      37 78 - - - 
        44                      37 78 44 - - 
        93                      37 78 44 93 - 
        60                      37 78 44 93 60 
        62                      62 78 44 93 60 
        20                      62 20 44 93 60 
        59                      62 20 59 93 60 
        14                      62 20 59 14 60 
        21                      62 20 59 14 21 
        22                      22 20 59 14 21 
        33                      22 33 59 14 21 
        40                      22 33 40 14 21 
        24                      22 33 40 24 21 
        73                      22 33 40 24 73 
        15                      15 33 40 24 73 
        65                      15 65 40 24 73 
        41                      15 65 41 24 73 
        20                      15 65 41 20 73 
        46                      15 65 41 20 46 
        90                      90 65 41 20 46 
        58                      90 58 41 20 46 
        27                      90 58 27 20 46 
        24                      90 58 27 24 46 
        52                      90 58 27 24 52 

Total de faltas de página: 25
---------------------------
BLOCO 3: CAPACIDADE = 8.
######### TESTE 1 #########
Páginas: 73 92 63 48 53 
Sequência de referências         Quadros
        73                      73 - - - - - - - 
        92                      73 92 - - - - - - 
        63                      73 92 63 - - - - - 
        48                      73 92 63 48 - - - - 
        53                      73 92 63 48 53 - - - 

Total de faltas de página: 5
---------------------------
######### TESTE 2 #########
Páginas: 60 37 83 95 82 95 57 93 16 23 
Sequência de referências         Quadros
        60                      60 - - - - - - - 
        37                      60 37 - - - - - - 
        83                      60 37 83 - - - - - 
        95                      60 37 83 95 - - - - 
        82                      60 37 83 95 82 - - - 
        57                      60 37 83 95 82 57 - - 
        93                      60 37 83 95 82 57 93 - 
        16                      60 37 83 95 82 57 93 16 
        23                      23 37 83 95 82 57 93 16 

Total de faltas de página: 9
---------------------------
######### TESTE 3 #########
Páginas: 66 29 98 97 95 71 64 60 65 74 97 55 32 24 32 
Sequência de referências         Quadros
        66                      66 - - - - - - - 
        29                      66 29 - - - - - - 
        98                      66 29 98 - - - - - 
        97                      66 29 98 97 - - - - 
        95                      66 29 98 97 95 - - - 
        71                      66 29 98 97 95 71 - - 
        64                      66 29 98 97 95 71 64 - 
        60                      66 29 98 97 95 71 64 60 
        65                      65 29 98 97 95 71 64 60 
        74                      65 74 98 97 95 71 64 60 
        55                      65 74 55 97 95 71 64 60 
        32                      65 74 55 32 95 71 64 60 
        24                      65 74 55 32 24 71 64 60 

Total de faltas de página: 13
---------------------------
######### TESTE 4 #########
Páginas: 36 49 76 89 49 81 50 76 64 45 59 21 54 14 28 67 70 99 65 29 
Sequência de referências         Quadros
        36                      36 - - - - - - - 
        49                      36 49 - - - - - - 
        76                      36 49 76 - - - - - 
        89                      36 49 76 89 - - - - 
        81                      36 49 76 89 81 - - - 
        50                      36 49 76 89 81 50 - - 
        64                      36 49 76 89 81 50 64 - 
        45                      36 49 76 89 81 50 64 45 
        59                      59 49 76 89 81 50 64 45 
        21                      59 21 76 89 81 50 64 45 
        54                      59 21 54 89 81 50 64 45 
        14                      59 21 54 14 81 50 64 45 
        28                      59 21 54 14 28 50 64 45 
        67                      59 21 54 14 28 67 64 45 
        70                      59 21 54 14 28 67 70 45 
        99                      59 21 54 14 28 67 70 99 
        65                      65 21 54 14 28 67 70 99 
        29                      65 29 54 14 28 67 70 99 

Total de faltas de página: 18
---------------------------
######### TESTE 5 #########
Páginas: 94 88 45 54 53 20 13 61 94 79 45 31 28 21 20 29 54 22 96 70 19 17 81 63 73 
Sequência de referências         Quadros
        94                      94 - - - - - - - 
        88                      94 88 - - - - - - 
        45                      94 88 45 - - - - - 
        54                      94 88 45 54 - - - - 
        53                      94 88 45 54 53 - - - 
        20                      94 88 45 54 53 20 - - 
        13                      94 88 45 54 53 20 13 - 
        61                      94 88 45 54 53 20 13 61 
        79                      79 88 45 54 53 20 13 61 
        31                      79 31 45 54 53 20 13 61 
        28                      79 31 28 54 53 20 13 61 
        21                      79 31 28 21 53 20 13 61 
        29                      79 31 28 21 29 20 13 61 
        54                      79 31 28 21 29 54 13 61 
        22                      79 31 28 21 29 54 22 61 
        96                      79 31 28 21 29 54 22 96 
        70                      70 31 28 21 29 54 22 96 
        19                      70 19 28 21 29 54 22 96 
        17                      70 19 17 21 29 54 22 96 
        81                      70 19 17 81 29 54 22 96 
        63                      70 19 17 81 63 54 22 96 
        73                      70 19 17 81 63 73 22 96 

Total de faltas de página: 22
---------------------------